            13,
            59,
            44,
            74,
            59,
            27,
            64,
            53,
            69,
            57,
            32,
            70,
            64,
            69,
            27,
            60,
            45,
            59,
            70,
            60,
            65,
            59,
            69,
            59,
            57,
            59,
            42,
            70,
            45,
            56,
            42,
            23,
            34,
            53,
            34,
            69,
            69,
            56,
            38,
            58,
            44,
            45,
            69,
            42,
            44,
            64,
            68,
            13,
            29,
            60,
            27,
            74,
            59,
            23,
            13,
            70,
            34,
            28,
            72,
            69,
            43,
            53,
            01,
            53,
            53,
            54,
            69,
            54,
            27,
            34,
            13,
            01,
            69,
            66,
            32,
            69,
            43,
            43,
            34,
            01,
            42,
            60,
            59,
            45,
            43,
            23,
            38,
            70,
            44,
            42,
            56,
            27,
            74,
            34,
            43,
            56,
            59,
            53,
            66,
            69,
            43,
            25,
            13,
            01,
            34,
            56,
            27,
            27,
            34,
            34,
            70,
            44,
            40,
            69,
            44,
            69,
            23,
            57,
            69,
            57,
            69,
            27,
            69,
            69,
            45,
            42,
            64,
            45,
            44,
            57,
            43,
            10,
            27,
            56,
            27,
            38,
            42,
            66,
            57,
            69,
            56,
            49,
            56,
            42,
            01,
            01,
            56,
            25,
            68,
            45,
            69,
            56,
            53,
            59,
            27,
            54,
            34,
            68,
            38,
            59,
            67,
														</p>
            69,
            56,
            59,
            58,
            68,
            43,
            27,
            45,
            64,
            44,
            56,
            57,
            27,
            69,
            53,
            44,
            28,
            21,
            43,
            68,
            27,
            43,
            42,
            34,
            27,
            65,
            53,
            44,
            43,
            60,
            44,
            13,
            66,
            57,
            69,
            42,
            23,
            23,
            64,
            23,
            53,
            42,
            38,
            23,
            53,
            69,
            27,
            56,
            34,
            56,
            34,
            68,
            59,
            38,
            27,
            44,
            69,
            68,
            53,
            53,
            70,
            27,
            29,
            69,
            26,
            53,
            53,
            23,
            69,
            69,
            34,
            60,
            54,
            42,
            27,
            23,
            46,
            39,
            44,
            70,
            42,
            23,
            44,
            64,
            34,
            44,
            69,
            42,
            27,
            47,
            65,
            65,
            57,
            34,
            56,
            70,
            59,
            34,
            70,
            34,
            70,
            27,
            13,
            69,
            43,
            23,
            34,
            43,
            44,
            42,
            27,
            69,
            67,
            69,
            69,
            70,
            27,
            69,
            44,
            34,
            29,
            71,
            42,
            27,
            59,
            01,
            54,
            34,
            66,
            59,
            57,
            74,
            43,
            53,
            59,
            13,
            31,
            42,
            54,
            44,
            28,
            42,
            69,
            70,
            58,
            57,
            27,
            39,
            64,
            57,
            69,
            27,
            45,
            42,
            44,
            34,
            34,
            44,
            57,
            31,
            57,
            69,
            43,
            60,
            66,
            42,
            74,
            31,
            69,
            39,
            56,
            44,
            23,
            13,
            64,
            68,
            34,
            10,
            17,
            42,
            42,
            74,
            58,
            57,
            25,
            13,
            43,
            44,
            31,
            69,
            23,
            69,
            69,
            54,
            72,
            31,
            27,
            57,
            22,
            27,
            25,
            49,
            56,
            27,
            21,
            42,
            64,
            27,
            39,
            47,
            57,
            65,
            59,
            53,
            69,
            68,
            68,
            34,
            13,
            49,
            69,
            01,
            40,
            44,
            28,
            56,
            67,
            69,
            70,
            39,
            49,
            34,
            27,
            69,
            39,
            57,
            01,
            39,
            23,
            66,
            01,
            59,
            23,
            34,
            27,
            69,
            57,
            39,
            53,
            53,
            44,
            43,
            53,
            13,
            69,
            44,
            44,
            69,
            66,
            34,
            69,
            44,
            54,
            27,
            40,
            72,
            34,
            34,
            44,
            44,
            61,
            57,
            54,
            56,
            43,
            01,
            59,
            42,
            68,
            11,
            44,
            70,
            27,
            27,
            27,
            49,
            43,
            25,
            69,
            57,
            53,
            43,
            66,
            40,
            23,
            17,
            68,
            60,
            64,
            29,
            29,
            28,
            53,
            70,
            44,
            42,
            43,
            65,
            42,
            68,
            57,
            42,
            34,
            27,
            44,
            74,
            49,
            44,
            53,
            49,
            34,
            70,
            45,
            59,
            68,
            57,
            43,
            01,
            69,
            69,
            56,
            43,
            42,
            40,
            23,
            42,
            34,
            53,
            74,
            68,
            69,
            23,
            42,
            68,
            39,
            47,
            43,
            69,
            65,
            13,
            43,
            28,
            68,
            54,
            69,
            53,
            59,
            53,
            39,
            42,
            23,
            59,
            23,
            65,
            60,
            27,
            69,
            69,
            53,
            13,
            27,
            68,
            44,
            27,
            56,
            38,
            69,
            44,
            34,
            23,
            68,
            69,
            38,
            56,
            43,
            53,
            56,
            44,
            66,
            69,
            69,
            39,
            27,
            53,
            27,
            67,
            60,
            56,
            38,
            13,
            42,
            69,
            59,
            34,
            59,
            57,
            59,
            44,
            28,
            44,
            44,
            44,
            67,
            34,
            68,
            31,
            59,
            13,
            27,
            66,
            69,
            40,
            44,
            70,
            69,
            43,
            64,
            27,
            38,
            72,
            64,
            44,
            70,
            64,
            27,
            45,
            23,
            72,
            53,
            53,
            27,
            44,
            34,
            57,
            66,
            27,
            01,
            19,
            34,
            25,
            53,
            45,
            69,
            44,
            54,
            34,
            38,
            34,
            42,
            69,
            68,
            10,
            49,
            68,
            20,
            69,
            29,
            39,
            47,
            13,
            56,
            66,
            23,
            59,
            38,
            73,
            43,
            57,
            67,
            68,
            27,
            44,
            43,
            39,
            27,
            27,
            69,
            44,
            69,
            57,
            56,
            66,
            64,
            23,
            25,
            44,
            13,
            27,
            67,
            60,
            55,
            53,
            42,
            34,
            38,
            57,
            29,
            70,
            34,
            58,
            68,
            68,
            64,
            66,
            42,
            54,
            68,
            27,
            34,
            40,
            42,
            27,
            69,
            13,
            68,
            55,
            31,
            66,
            69,
            57,
            56,
            34,
            27,
            13,
            57,
            57,
            43,
            31,
            70,
            72,
            57,
            57,
            39,
            59,
            34,
            58,
            59,
            69,
            70,
            57,
            66,
            42,
            27,
            69,
            23,
            34,
            39,
            64,
            34,
            43,
            17,
            47,
            23,
            44,
            44,
            54,
            28,
            47,
            69,
            44,
            27,
            67,
            72,
            43,
            34,
            69,
            64,
            13,
            29,
            56,
            54,
            42,
            23,
            70,
            69,
            69,
            66,
            42,
            69,
            74,
            23,
            23,
            66,
            53,
            39,
            34,
            43,
            13,
            69,
            57,
            25,
            27,
            42,
            72,
            69,
            42,
            42,
            21,
            42,
            68,
            57,
            44,
            39,
            65,
            65,
            59,
            70,
            13,
            13,
            27,
            31,
            27,
            01,
            23,
            29,
            69,
            13,
            64,
            72,
            72,
            34,
            59,
            29,
            27,
            53,
            69,
            54,
            29,
            69,
            42,
            42,
            27,
            44,
            43,
            54,
            44,
            66,
            13,
            27,
            56,
            61,
            38,
            59,
            69,
            23,
            69,
            34,
            54,
            34,
            56,
            69,
            69,
            42,
            54,
            42,
            25,
            68,
            27,
            43,
            53,
            34,
            44,
            27,
            13,
            59,
            44,
            67,
            64,
            13,
            23,
            40,
            47,
            67,
            65,
            34,
            27,
            27,
            64,
            44,
            69,
            68,
            72,
            70,
            44,
            44,
            65,
            55,
            66,
            42,
            17,
            66,
            59,
            23,
            69,
            27,
            43,
            67,
            69,
            60,
            56,
            53,
            34,
            90,
            27,
            59,
            44,
            42,
            68,
            56,
            43,
            59,
            45,
            42,
            59,
            44,
            53,
            69,
            27,
            69,
            59,
            68,
            44,
            34,
            29,
            57,
            27,
            54,
            64,
            64,
            27,
            23,
            54,
            40,
            23,
            44,
            31,
            43,
            43,
            57,
            34,
            29,
            38,
            70,
            54,
            25,
            60,
            34,
            57,
            28,
            57,
            69,
            64,
            23,
            43,
            45,
            44,
            56,
            20,
            23,
            28,
            45,
            23,
            27,
            17,
            70,
            44,
            34,
            42,
            23,
            68,
            27,
            56,
            68,
            44,
            57,
            11,
            13,
            53,
            69,
            69,
            57,
            29,
            23,
            64,
            34,
            54,
            34,
            59,
            69,
            72,
            59,
            27,
            68,
            34,
            40,
            44,
            53,
            50,
            43,
            70,
            27,
            55,
            68,
            27,
            43,
            27,
            68,
            69,
            38,
            74,
            27,
            27,
            54,
            69,
            53,
            27,
            14,
            69,
            43,
            34,
            70,
            68,
            68,
            39,
            27,
            44,
            27,
            64,
            23,
            34,
            70,
            25,
            69,
            68,
            43,
            27,
            44,
            27,
            65,
            23,
            59,
            31,
            57,
            44,
            73,
            57,
            23,
            34,
            69,
            31,
            23,
            66,
            42,
            34,
            13,
            34,
            43,
            27,
            68,
            27,
            69,
            74,
            44,
            01,
            13,
            43,
            43,
            38,
            69,
            42,
            68,
            57,
            58,
            69,
            72,
            69,
            44,
            39,
