نماد	تغییر	بازار	گروه
زمگسا	0	1	1
زكشت	0	2	1
آينده	0	4	1
تليسهح	0	2	1
تليسه	0	2	1
زبينا	0	2	1
كپرور	0	2	10
عسناسنگ	0	7	13
تكنار	0	4	13
چفيبر	0	1	20
پسهند	0	1	25
پدرخش	0	1	25
پلوله	0	4	25
پشاهن	0	4	25
فسازان	0	1	27
كوير	0	1	27
فزرين	0	2	27
فاهواز	0	4	27
وتوكا	0	1	27
فلوله	0	1	27
فروس	0	1	27
فنفت	0	4	27
فافزا	0	4	27
فوكا	0	4	27
فبستم	0	4	28
چدن	0	1	28
فسلير	0	4	28
فبيرا	0	4	28
تفيرو	0	4	29
لازما	0	4	29
لسرما	0	1	29
لخانه	0	4	29
تكشا	0	1	29
لابسا	0	1	29
بايكا	0	4	31
نيرو	0	4	31
بسويچ	0	1	31
بتك	0	4	31
بالبر	0	1	31
لپيام	0	4	32
لپارس	0	1	32
لكما	0	4	32
خپويش	0	1	34
خعمرا	0	4	34
خريخت	0	1	34
خلنت	0	1	34
خاور	0	4	34
خمهر	0	1	34
ختراك	0	1	34
خفناور	0	4	34
خكاوه	0	4	34
تشتاد	0	4	34
ختوقا	0	1	34
قجام	0	4	38
قشرين	0	4	38
قشهد	0	1	38
قثابت	0	1	38
قلرست	0	1	38
بكهنوج	0	2	40
غمهرا	0	1	42
غپينو	0	1	42
غنيلي	0	2	42
غگل	0	1	42
خودكفا	0	4	42
غگرجي	0	1	42
غصينو	0	4	42
غپونه	0	4	42
غپاك	0	1	42
غچين	0	1	42
غنوش	0	1	42
غيوان	0	4	42
غگز	0	2	42
غشاذر	0	1	42
غبهار	0	4	42
داوه	0	2	43
دسبحان	0	1	43
وپخش	0	1	43
دزهراوي	0	1	43
داسوه	0	1	43
دتوليد	0	2	43
دفرا	0	1	43
دكيمي	0	1	43
درازك	0	1	43
دلقما	0	1	43
شتهران	0	4	43
دجابر	0	1	43
دشيمي	0	1	43
بركت	0	1	43
دروز	0	1	43
دحاوي	0	4	43
دسانكو	0	2	43
دامين	0	1	43
والبر	0	1	43
دالبر	0	1	43
دابور	0	1	43
ددام	0	1	43
دتوزيع	0	2	43
دارو	0	1	43
ديران	0	1	43
دبالك	0	2	43
شفارا	0	4	44
كازرو	0	4	44
شمواد	0	4	44
شپلي	0	4	44
شلعاب	0	1	44
شدوص	0	1	44
شسم	0	4	44
شتولي	0	4	44
قاسم	0	2	47
كترام	0	1	49
كساوه	0	1	49
كحافظ	0	1	49
كلوند	0	1	49
سبزوا	0	2	53
ساراب	0	1	53
سصفها	0	1	53
سيلام	0	1	53
سكارون	0	4	53
سجام	0	4	53
سباقر	0	4	53
سدشت	0	1	53
سدور	0	1	53
سفار	0	1	53
سغرب	0	1	53
سخواف	0	4	53
سمتاز	0	4	53
سقاين	0	1	53
سلار	0	4	53
سكرد	0	1	53
سخزر	0	1	53
كسرا	0	1	54
كابگن	0	4	54
سپرمي	0	4	54
سفاسي	0	4	54
كاذر	0	1	54
كمرجان	0	2	54
كرازي	0	1	54
كقزوي	0	4	54
ساذري	0	4	54
گپارس	0	4	55
وشمال	0	4	56
وآرين	0	4	56
سنوين	0	4	56
واعتبار	0	1	56
معيار 	0	4	56
وجامي	0	4	56
وبرق	0	4	56
سدبير	0	2	56
گوهران	0	2	56
توسعه	0	4	57
وسالت	0	4	57
وآيند	0	4	57
ونوين	0	1	57
وايران	0	1	58
وليز	0	1	58
حپترو	0	1	60
حتوكا	0	1	60
حفارس	0	1	60
حآسا	0	2	60
ولراز	0	4	65
وآتوس	0	4	65
ولتجار	0	4	65
ومشان	0	4	65
وثنو	0	4	65
واحصا	0	4	65
وثوق	0	4	65
ولانا	0	4	65
ولرازح	0	4	65
ميهن	0	2	66
وسين	0	4	66
اكالا	0	1	67
گوهر	0	7	68
ثنام	0	4	70
ثشرق	0	1	70
ثاصفا	0	4	70
ثقزوي	0	4	70
ثعمرا	0	2	70
آ س پ	0	2	70
ثاخت	0	1	70
ثرود	0	2	70
ثتران	0	2	70
ثزاگرس	0	4	70
ثجوان	0	4	70
ثنوسا	0	1	70
ثاژن	0	4	70
ثنظام	0	4	70
ثتوسا	0	4	70
كرمان	0	2	70
ثپرديس	0	2	70
ثاباد	0	1	70
ثامان	0	1	70
وتوس	0	1	70
فن آوا	0	4	72
خفولا	0	4	74
تابا	0	4	74
وهنر	0	4	90
نتوس	0.01	4	17
شزنگ	0.01	4	23
افق ملت	0.01	1	68
تمحركه	0.02	1	29
دارا	0.06	2	68
سخند	0.11	2	68
آكورد	0.16	2	68
آساميد	0.21	2	68
كمند	0.21	1	68
پارند	0.26	1	68
كيان	0.32	1	68
امين يكم	0.36	1	68
فسديد	0.46	4	27
صايند	0.47	2	68
سپاس	0.48	1	68
كي بي سي	0.5	2	43
زر	0.55	7	68
ثروتم	0.56	2	68
وملت	0.58	4	56
وسنا	0.61	4	65
طلا	0.62	7	68
عيار	0.67	7	68
تپولا	0.78	4	74
سمايه	0.81	4	57
اعتماد	0.82	2	68
كاريس	0.94	2	68
كاسپين	0.95	2	43
سجامح	1.22	4	53
غبهنوش	1.31	1	42
دفارا	1.37	1	43
كچاد	1.44	1	13
پلاسك	1.46	1	25
اطلس	1.48	2	68
حسينا	1.51	2	60
فيروزا	1.54	1	68
رايان	1.58	2	69
واحيا	1.6	4	65
دقاضي	1.62	4	43
صنوين	1.65	1	68
ساربيل	1.68	1	53
اوصتا	1.7	2	68
داراب	1.82	4	44
دتماد	1.9	1	43
آسام	1.91	2	68
آتيمس	1.92	2	68
اعتلا	1.96	2	56
كماسه	1.97	1	14
سرو	1.97	1	68
وپترو	2	1	44
پلاست	2.07	4	25
كخاكح	2.08	1	54
ونيرو	2.1	1	40
شنفت	2.12	1	23
ساينا	2.12	2	44
فاما	2.13	1	28
ولشرق	2.13	2	65
دانا	2.15	1	66
مرقام	2.17	1	72
شفن	2.19	1	44
خچرخش	2.21	1	34
الماس	2.24	2	68
تپكو	2.26	4	29
حريل	2.27	2	60
فملي	2.33	1	27
شصفها	2.4	4	44
كيسون	2.4	4	70
ودي	2.42	2	66
خشرق	2.44	1	34
تبرك	2.47	2	42
كوثر	2.49	2	66
سشرق	2.61	1	53
سهرمز	2.61	1	53
افق	2.63	1	47
آريان	2.63	4	56
سپ	2.63	1	72
كنور	2.64	1	13
وتوشه	2.66	1	29
فباهنر	2.67	1	27
خاهن	2.67	1	34
شپترو	2.72	4	44
سمازن	2.73	1	53
زماهان	2.75	2	1
بزاگرس	2.75	2	40
وايرا	2.77	4	56
حپارسا	2.79	2	60
آساس	2.82	2	68
هجرت	2.83	2	43
ارمغان	2.85	1	68
بميلا	2.88	4	46
فلات	2.89	4	56
ريشمك	2.9	2	43
خفنر	2.91	1	34
غويتا	2.95	2	42
كهمدا	2.95	1	54
سامان	2.96	4	57
ومعلم	2.98	2	66
مداران	2.99	1	72
زفكا	3	2	1
شكبير	3	4	44
گكيش	3	4	55
دي	3.01	2	57
آبين	3.03	4	1
كگهر	3.03	2	13
وصنا	3.03	1	56
خمحركه	3.06	1	34
ثمسكن	3.06	1	70
پكوير	3.08	1	25
حبندر	3.08	4	60
فجام	3.11	1	28
اتكاي	3.13	2	66
فولاد	3.14	1	27
فولاي	3.15	2	27
همراه	3.15	1	64
وسبحان	3.16	2	56
فسا	3.17	4	44
بالاس	3.17	2	45
سخاش	3.17	1	53
پاسا	3.19	1	25
ختور	3.2	1	34
فارس	3.21	1	44
كصدف	3.23	4	49
تكمبا	3.24	1	29
خكار	3.27	1	34
دسبحا	3.29	1	43
سنير	3.32	1	53
كاما	3.33	1	13
خديزل	3.33	2	34
لبوتان	3.35	1	29
پكرمان	3.37	1	25
نوري	3.37	1	44
وبوعلي	3.37	1	56
كفرا	3.38	1	54
تنوين	3.4	1	67
دكوثر	3.43	1	43
سبهان	3.43	1	53
وپسا	3.44	4	45
وتوسم	3.46	1	56
وسديد	3.48	4	27
خنصير	3.49	1	34
ركيش	3.49	1	72
سخوزح	3.5	1	53
خراسان	3.54	1	44
وبملت	3.55	1	57
وپست	3.55	1	57
وشهر	3.57	4	57
ولصنم	3.58	1	58
فاذر	3.61	1	28
پارس	3.62	1	44
پاكشو	3.65	1	44
فسرب	3.66	1	27
شبندر	3.67	1	23
بنيرو	3.68	1	31
قشير	3.74	2	38
ثالوند	3.75	2	70
نمرينو	3.78	1	17
وبيمه	3.78	1	56
آگاس	3.79	2	68
كپارس	3.8	1	49
كايتا	3.81	4	54
فنوال	3.82	1	27
قنقش	3.82	4	38
فسپا	3.84	1	27
وزمين	3.84	4	57
جهرم	3.85	4	44
جم پيلن	3.88	1	44
شبهرن	3.92	1	23
وگردش	3.94	4	57
سفارود	3.96	4	54
كاوه	3.98	1	27
دعبيد	3.98	1	43
خصدرا	4	4	45
شتران	4.02	1	23
زنجان	4.03	4	44
زقيام	4.04	2	1
البرز	4.04	1	66
سپاها	4.05	1	53
دكپسول	4.06	2	43
ورازي	4.06	4	66
سايرا	4.07	4	54
تاصيكو	4.1	1	13
زدشت	4.11	2	1
تيپيكو	4.11	1	43
پخش	4.12	2	43
نوين	4.13	2	66
مفاخر	4.14	2	72
ثعتما	4.18	4	70
خاذين	4.2	1	34
فالوم	4.21	4	27
وپاسار	4.21	1	57
ثفارس	4.22	1	70
غشوكو	4.23	4	42
شپارس	4.23	1	44
سشمال	4.23	1	53
سكرما	4.25	1	53
ميدكو	4.26	2	27
بترانس	4.26	1	31
اپرداز	4.26	2	73
گكوثر	4.27	2	55
حسير	4.27	2	60
توريل	4.29	2	60
زگلدشت	4.31	2	1
تاپكيش	4.33	2	72
شگل	4.34	1	44
سيمرغ	4.35	1	1
بساما	4.36	2	66
خموتور	4.38	1	34
ثنور	4.39	4	70
ما	4.4	1	66
زاگرس	4.41	2	44
سبجنو	4.43	1	53
سخوز	4.44	1	53
واتي	4.44	1	56
كسرام	4.46	1	54
فاراك	4.47	1	28
بكام	4.49	1	31
كگاز	4.5	1	54
پتاير	4.51	1	25
لوتوس	4.51	1	67
غبشهر	4.55	1	42
شلرد	4.62	4	44
آسيا	4.64	1	66
شتوكا	4.66	2	44
بخاور	4.67	4	66
كطبس	4.68	1	10
زنگان	4.71	2	27
شپنا	4.74	1	23
ورنا	4.75	1	34
خزاميا	4.77	1	34
غمينو	4.77	2	42
شبريز	4.82	1	23
شفا	4.83	1	43
سفارس	4.85	1	53
غمارگ	4.86	1	42
درهآور	4.86	2	43
ساروم	4.86	1	53
ثغرب	4.89	2	70
بمپنا	4.92	2	40
كگل	4.93	1	13
كيميا	4.94	2	27
وبهمن	4.94	1	56
وسرمد	4.97	4	66
وساپا	4.98	1	56
وساخت	4.98	1	70
ثباغ	4.99	2	70
مارون	5	2	44
وآذر	5	1	70
پرديس	5.01	1	56
زشريف	5.04	2	1
ملت	5.1	1	66
چكارن	5.12	1	21
غسالم	5.14	1	42
شپديس	5.14	1	44
فلامي	5.15	1	28
وملي	5.16	1	19
فخوز	5.2	1	27
قزوين	5.2	1	38
غپآذر	5.2	2	42
كتوكا	5.2	2	54
تكنو	5.21	1	29
بفجر	5.21	1	40
قنيشا	5.24	1	38
ولغدر	5.24	1	58
شسپا	5.26	1	23
فنورد	5.26	1	27
خمحور	5.26	1	34
پخشح	5.26	2	43
شسينا	5.26	1	44
شخارك	5.26	1	44
پرداخت	5.26	1	72
خكرمان	5.27	4	34
وارس	5.27	4	65
كاردان	5.27	1	68
حكشتي	5.33	1	60
بنو	5.33	4	66
وبانك	5.34	1	39
تاپيكو	5.34	1	44
كشرق	5.35	2	10
هرمز	5.35	2	27
پارسيان	5.46	1	66
شيراز	5.47	1	44
ستران	5.47	1	53
خكمك	5.48	1	34
حرهشا	5.49	4	60
وغدير	5.51	1	39
وصندوق	5.52	1	39
فيروزه	5.52	1	68
ولملت	5.53	1	58
چكاپا	5.56	2	21
شبصير	5.56	2	44
سيدكو	5.57	1	53
وبشهر	5.6	1	42
فايرا	5.62	1	27
بپاس	5.62	2	66
تايرا	5.67	1	29
شاراك	5.69	1	44
وكادو	5.76	4	56
وخاور	5.8	1	57
اميد	5.84	1	67
فاسمين	5.85	1	27
وآداك	5.91	4	56
كروي	5.95	1	13
لخزر	6	1	29
اخابر	6	1	64
دشيري	6.02	4	43
ساروج	6.02	4	53
خوساز	6.05	1	34
جم	6.05	1	44
وتعاون	6.05	4	66
وسپه	6.06	1	56
وآفري	6.09	4	66
مبين	6.1	1	40
ممسني	6.15	4	44
پارتا	6.17	4	25
خودرو	6.17	1	34
قپيرا	6.17	1	38
كهرام	6.17	4	49
كمينا	6.17	4	54
وحافظ	6.17	4	66
سيستم	6.17	1	72
شرنگي	6.18	4	44
وثخوز	6.18	4	70
غدام	6.2	1	42
كرماشا	6.21	1	44
غشهداب	6.29	2	42
هاي وب	6.29	1	73
فمراد	6.31	1	27
خساپا	6.35	1	34
پترول	6.42	1	44
ثشاهد	6.45	1	70
كخاك	6.5	1	54
وصنعت	6.52	1	56
شيران	6.54	1	44
زشگزا	6.56	2	1
خبهمن	6.57	1	34
ونفت	6.58	1	23
رمپنا	6.59	1	74
غگلستا	6.62	2	42
پارسان	6.66	1	44
غشهد	6.7	1	42
شكربن	6.74	1	44
شپاكسا	6.8	1	44
حتايد	6.81	1	60
خزر	6.84	1	34
شرانل	6.89	2	23
دپارس	6.92	1	43
كمنگنز	6.93	1	13
شاوان	6.97	2	23
قصفها	6.97	1	38
وسينا	7.02	1	57
غالبر	7.04	1	42
بهپاك	7.09	2	42
كدما	7.12	1	13
افرا	7.12	2	72
اتكام	7.14	2	66
خپارس	7.15	1	34
غشصفا	7.2	1	42
وسكاب	7.23	1	56
فجر	7.24	1	27
وتجارت	7.25	1	57
رتاپ	7.27	1	72
وبصادر	7.29	1	57
غگلپا	7.3	2	42
ولبهمن	7.3	2	58
شپاس	7.43	2	23
سرود	7.49	1	53
قهكمت	7.51	1	38
حخزر	7.54	2	61
فولاژ	7.57	1	27
بموتو	7.57	1	31
وملل	7.58	2	57
غاذر	7.59	1	42
دسينا	7.79	1	43
رنيك	7.88	2	74
كبافق	8	1	13
كساپا	8	1	54
ومعادن	8.03	1	13
شوينده	8.04	1	44
وپارس	8.1	1	57
واميد	8.18	1	39
ذوب	8.23	2	27
فخاس	8.25	1	27
فرآور	8.35	1	27
بشهاب	8.37	1	31
شراز	8.38	2	23
دلر	8.44	1	43
ارفعح	8.46	2	27
كسعدي	8.46	1	49
شاملا	8.53	1	44
پارسيانح	8.54	1	66
بجهرم	8.55	2	40
شفارس	8.59	1	44
ولساپا	8.65	1	58
سصوفي	8.66	1	53
رانفور	8.67	1	72
غديس	8.69	2	42
لوتوسح	8.69	1	67
ونيكي	8.73	1	56
آپ	8.82	1	72
خگستر	8.83	1	34
شغدير	8.83	2	44
فپنتا	8.86	1	27
سهگمت	8.9	1	53
اوان	8.9	2	73
كفپارس	9.04	1	54
دماوند	9.05	2	40
تپمپي	9.22	1	29
شكلر	9.24	1	44
خرينگ	9.33	1	34
رتكو	9.33	1	74
وهور	9.36	2	40
بكاب	9.47	1	31
قمرو	9.5	1	38
غشان	9.53	1	42
سمگا	9.54	2	55
سفانو	9.55	1	53
ثفارسح	9.65	1	70
كپشير	9.68	1	54
بورس	9.77	1	67
غفارس	9.92	2	42
كالا	9.99	1	67
نطرين	10.09	2	17
وكار	10.27	1	57
قچار	10.35	2	38
ارفع	10.38	2	27
وتوصا	10.4	1	56
وگستر	10.43	2	56
چكاوه	10.48	1	21
زپارس	10.52	1	1
چافست	10.52	1	22
قشكر	10.52	1	38
خموتورح	10.64	1	34
والبرح	11.1	1	43
سهرمزح	13.71	1	53
